<?xml version="1.0"?>
<opencv_storage>
<calibration_Time>"Wed Mar  1 20:33:37 2017"</calibration_Time>
<nrOfFrames>3</nrOfFrames>
<image_Width>1024</image_Width>
<image_Height>768</image_Height>
<board_Width>8</board_Width>
<board_Height>6</board_Height>
<square_Size>50.</square_Size>
<FixAspectRatio>1.</FixAspectRatio>
<!-- flags:  +fix_aspectRatio +fix_principal_point +zero_tangent_dist -->
<flagValue>14</flagValue>
<Camera_Matrix type_id="opencv-matrix">
  <rows>3</rows>
  <cols>3</cols>
  <dt>d</dt>
  <data>
    1.4355623555879320e+03 0. 5.1150000000000000e+02 0.
    1.4355623555879320e+03 3.8350000000000000e+02 0. 0. 1.</data></Camera_Matrix>
<Distortion_Coefficients type_id="opencv-matrix">
  <rows>5</rows>
  <cols>1</cols>
  <dt>d</dt>
  <data>
    -2.0269546654663656e-02 2.0216301828962195e+00 0. 0.
    -2.0217228677644290e+01</data></Distortion_Coefficients>
<Avg_Reprojection_Error>6.5012215818832764e-01</Avg_Reprojection_Error>
<Per_View_Reprojection_Errors type_id="opencv-matrix">
  <rows>3</rows>
  <cols>1</cols>
  <dt>f</dt>
  <data>
    1.00030112e+00 3.79712671e-01 3.50987822e-01</data></Per_View_Reprojection_Errors>
<!-- a set of 6-tuples (rotation vector + translation vector) for each view -->
<Extrinsic_Parameters type_id="opencv-matrix">
  <rows>3</rows>
  <cols>6</cols>
  <dt>d</dt>
  <data>
    -8.0263605476234540e-02 -3.4427017311662977e-01
    5.9181140626446735e-02 -1.9890798119118475e+02
    -1.6695019316666529e+02 9.8714400859404384e+02
    5.3912135976352839e-02 -5.3813639292118209e-01
    2.0195279192185187e-01 -7.5336707317962350e+01
    -1.4297088762254290e+02 7.8259654902876275e+02
    2.3780545184369828e-01 1.2971731629118038e-01
    -2.0630515176941486e-01 -1.8079722011166623e+02
    -5.4954249424703974e+01 8.3943099816886547e+02</data></Extrinsic_Parameters>
<Image_points type_id="opencv-matrix">
  <rows>3</rows>
  <cols>48</cols>
  <dt>"2f"</dt>
  <data>
    2.22472931e+02 1.40495636e+02 2.94200226e+02 1.49713120e+02
    3.64133484e+02 1.58662094e+02 4.31118011e+02 1.67338837e+02
    4.96480804e+02 1.75741959e+02 5.59597900e+02 1.83891083e+02
    6.20761108e+02 1.91732941e+02 6.80624695e+02 1.99459732e+02
    2.17642899e+02 2.12053696e+02 2.90213898e+02 2.19894379e+02
    3.60698151e+02 2.27835526e+02 4.27995667e+02 2.35424774e+02
    4.93340057e+02 2.42842880e+02 5.57333496e+02 2.50054794e+02
    6.18721558e+02 2.56960663e+02 6.78190491e+02 2.63646790e+02
    2.12884048e+02 2.84008392e+02 2.85666351e+02 2.91250519e+02
    3.56306274e+02 2.97639923e+02 4.24758789e+02 3.04224731e+02
    4.90340729e+02 3.10534546e+02 5.54354187e+02 3.16993256e+02
    6.16028748e+02 3.22087616e+02 6.76039001e+02 3.28201080e+02
    2.07670212e+02 3.57255341e+02 2.81296387e+02 3.62948853e+02
    3.52475616e+02 3.68262482e+02 4.20823029e+02 3.73326477e+02
    4.86985992e+02 3.79080811e+02 5.51746033e+02 3.84085022e+02
    6.13255737e+02 3.88913696e+02 6.73836365e+02 3.93459595e+02
    2.02937454e+02 4.31057800e+02 2.76870270e+02 4.35681549e+02
    3.48625122e+02 4.39544464e+02 4.17269043e+02 4.43812073e+02
    4.83626007e+02 4.47650055e+02 5.48725647e+02 4.51854279e+02
    6.11109680e+02 4.55207245e+02 6.71675415e+02 4.52771515e+02
    1.97550964e+02 5.06335449e+02 2.72954712e+02 5.08667084e+02
    3.44355530e+02 5.12075867e+02 4.13534271e+02 5.14391541e+02
    4.80993408e+02 5.17868469e+02 5.45645386e+02 5.19986450e+02
    6.08655762e+02 5.23294800e+02 6.69497375e+02 5.25925842e+02
    3.73153625e+02 1.21470459e+02 4.52031860e+02 1.45359070e+02
    5.26271667e+02 1.67820648e+02 5.95284058e+02 1.89290848e+02
    6.62086121e+02 2.08080521e+02 7.23337708e+02 2.27771896e+02
    7.82006714e+02 2.45417511e+02 8.37510925e+02 2.62210083e+02
    3.54369507e+02 2.11256683e+02 4.34018280e+02 2.32189896e+02
    5.08552246e+02 2.52113495e+02 5.79082642e+02 2.70859558e+02
    6.44958679e+02 2.88259857e+02 7.07398682e+02 3.04587189e+02
    7.66465515e+02 3.20271759e+02 8.22548767e+02 3.35600555e+02
    3.36214508e+02 3.00811951e+02 4.16879578e+02 3.18324799e+02
    4.91331543e+02 3.36184814e+02 5.61576782e+02 3.52263489e+02
    6.28350830e+02 3.67859802e+02 6.91194275e+02 3.82073578e+02
    7.50850220e+02 3.95558167e+02 8.07065186e+02 4.08219177e+02
    3.16711517e+02 3.90532196e+02 3.97743561e+02 4.05997437e+02
    4.73271179e+02 4.20642792e+02 5.44703308e+02 4.34341309e+02
    6.11429932e+02 4.47298126e+02 6.75266968e+02 4.59518829e+02
    7.34882874e+02 4.70609833e+02 7.92241577e+02 4.81834167e+02
    2.97898224e+02 4.80260345e+02 3.79134583e+02 4.93030151e+02
    4.55779785e+02 5.04597778e+02 5.27132141e+02 5.16193665e+02
    5.95214722e+02 5.26449768e+02 6.58812012e+02 5.36451843e+02
    7.19637451e+02 5.46051025e+02 7.76864502e+02 5.54830139e+02
    2.78698059e+02 5.70398438e+02 3.60856628e+02 5.80047302e+02
    4.37521484e+02 5.89222229e+02 5.10142975e+02 5.97903870e+02
    5.78295898e+02 6.06187195e+02 6.42534790e+02 6.13997314e+02
    7.03531616e+02 6.21145020e+02 7.61434143e+02 6.28253052e+02
    2.02028564e+02 2.89089142e+02 2.83312195e+02 2.72082855e+02
    3.65923096e+02 2.55317596e+02 4.49466980e+02 2.37459656e+02
    5.35434387e+02 2.19296432e+02 6.21746643e+02 2.01785797e+02
    7.11462708e+02 1.82527206e+02 8.01898743e+02 1.63402573e+02
    2.24549713e+02 3.71026093e+02 3.04498077e+02 3.54948669e+02
    3.86128082e+02 3.39107788e+02 4.69380249e+02 3.21868011e+02
    5.53628418e+02 3.05681396e+02 6.40321838e+02 2.87569458e+02
    7.28025024e+02 2.69723450e+02 8.17799500e+02 2.52153931e+02
    2.46334167e+02 4.50073914e+02 3.25325500e+02 4.35201141e+02
    4.06167542e+02 4.19635437e+02 4.88379120e+02 4.04292633e+02
    5.72176575e+02 3.88611237e+02 6.57388062e+02 3.71627106e+02
    7.43825623e+02 3.54910614e+02 8.32364746e+02 3.38686981e+02
    2.67276367e+02 5.27965698e+02 3.45895142e+02 5.13675720e+02
    4.25997650e+02 4.99056976e+02 5.06734589e+02 4.84174500e+02
    5.89804504e+02 4.69431732e+02 6.74342651e+02 4.54124786e+02
    7.59759766e+02 4.38915192e+02 8.47938965e+02 4.22603699e+02
    2.88214355e+02 6.03585938e+02 3.65844879e+02 5.90096985e+02
    4.45028839e+02 5.75944031e+02 5.25111023e+02 5.62553223e+02
    6.07140564e+02 5.48032898e+02 6.90605530e+02 5.33867188e+02
    7.75762268e+02 5.19088501e+02 8.62048645e+02 5.04119629e+02
    3.08265594e+02 6.77637878e+02 3.85381622e+02 6.64423279e+02
    4.63509674e+02 6.51786865e+02 5.43223877e+02 6.38435913e+02
    6.24376831e+02 6.24838379e+02 7.06608459e+02 6.11223938e+02
    7.90610718e+02 5.98081970e+02 8.76019470e+02 5.83513977e+02</data></Image_points>
</opencv_storage>
