<?xml version="1.0"?>
<opencv_storage>
<calibration_Time>"Tue Mar 14 13:11:20 2017"</calibration_Time>
<nrOfFrames>15</nrOfFrames>
<image_Width>640</image_Width>
<image_Height>480</image_Height>
<board_Width>8</board_Width>
<board_Height>13</board_Height>
<square_Size>30.</square_Size>
<flagValue>0</flagValue>
<Camera_Matrix type_id="opencv-matrix">
  <rows>3</rows>
  <cols>3</cols>
  <dt>d</dt>
  <data>
    6.5101903759627373e+02 0. 3.1376659682314107e+02 0.
    6.5172028725425980e+02 2.5290292074285242e+02 0. 0. 1.</data></Camera_Matrix>
<Distortion_Coefficients type_id="opencv-matrix">
  <rows>5</rows>
  <cols>1</cols>
  <dt>d</dt>
  <data>
    -4.5167746813621540e-01 4.9489099906276030e-01
    -2.0187395440712360e-04 -1.2932509817966046e-03
    -5.3536405114228902e-01</data></Distortion_Coefficients>
<Avg_Reprojection_Error>1.9680482252491310e-01</Avg_Reprojection_Error>
<Per_View_Reprojection_Errors type_id="opencv-matrix">
  <rows>15</rows>
  <cols>1</cols>
  <dt>f</dt>
  <data>
    1.28114417e-01 1.58206671e-01 1.54103711e-01 1.26558274e-01
    1.63600907e-01 9.56686512e-02 2.13259369e-01 2.66225040e-01
    1.16125062e-01 1.32024750e-01 1.62942484e-01 9.80741233e-02
    1.04490533e-01 4.90655214e-01 1.69576615e-01</data></Per_View_Reprojection_Errors>
<!-- a set of 6-tuples (rotation vector + translation vector) for each view -->
<Extrinsic_Parameters type_id="opencv-matrix">
  <rows>15</rows>
  <cols>6</cols>
  <dt>d</dt>
  <data>
    2.8089979338512600e-01 -4.6348541003177396e-01
    1.1155999859172241e-01 -2.2451366611294563e+02
    -1.6727494459162725e+02 5.7706885685542443e+02
    -6.0034647118212503e-01 -1.8138445427416352e-02
    6.7124174796395791e-02 -6.7309720271557836e+01
    -1.9342038707651025e+02 6.4926837963132948e+02
    -9.3229595876474766e-02 7.3699335860976223e-01
    1.8954534096730927e-01 8.5548857078575693e+01
    -2.0168014627974495e+02 6.6025139626348903e+02
    9.3045068259111585e-01 -6.0734555255030034e-02
    4.6502726869640309e-04 -8.5845037377654634e+01
    -1.5648282401859856e+02 4.6559859594078853e+02
    2.6729499736150374e-02 -1.0095372340430668e+00
    -2.2338785668996017e+00 -1.1119882077568361e+02
    1.7153330632409302e+02 5.0173856182536861e+02
    -4.1830629773393185e-01 -6.6441642742955109e-02
    -4.8391263383624189e-01 -9.6712542912679424e+01
    -1.2459181946759213e+02 6.5146749893657761e+02
    7.5749915424198414e-02 -4.7322959059929864e-02
    -1.6038762376242044e+00 -1.6691684267571256e+02
    9.9308578341300674e+01 4.1754753330934045e+02
    -3.3438727113876056e-02 8.5250768212230288e-01
    2.2005375002066141e+00 2.1795739902901747e+02
    -7.0483927110492331e+01 4.9487406665322453e+02
    -1.0906855291510062e-01 7.0045589812133524e-01
    3.0458577701828382e+00 1.5941742501208117e+02 1.1381676989927286e+02
    4.7844767251899361e+02 -1.0459991083996731e-01
    6.8123249836689725e-01 3.0331350814394558e+00 1.6208650430355982e+02
    1.0702954196207678e+02 4.7754968957844545e+02
    -9.9918996730972390e-02 6.6671411023118676e-01
    3.0437471303349275e+00 1.6500657818299433e+02 1.0242545801624942e+02
    4.7542934302689042e+02 -1.8382209975222531e-02
    -3.9390705462222958e-01 -1.9601162827226886e+00
    -4.5403797882317711e+01 1.3954538428112036e+02
    4.7906044577673106e+02 -1.1895601493102767e-01
    6.6467988818515400e-01 2.2250253678264693e+00 8.2971614956678252e+01
    8.8112395443122828e+00 5.4217074661277036e+02
    -5.9205526229467698e-01 6.3346799799163578e-02
    8.0911849746051701e-01 -4.3637740512340750e+00
    -2.2680819908406755e+02 7.0405348880882320e+02
    -1.5418099363730372e-02 4.5526429657108380e-01
    2.5338736852447559e+00 2.0223653143524348e+02 3.2250632823398099e+01
    6.2190435745058312e+02</data></Extrinsic_Parameters>
<Image_points type_id="opencv-matrix">
  <rows>15</rows>
  <cols>104</cols>
  <dt>"2f"</dt>
  <data>
    8.18585663e+01 8.02357330e+01 1.11053535e+02 8.29850922e+01
    1.40242386e+02 8.59800873e+01 1.68754486e+02 8.90616455e+01
    1.97168243e+02 9.23715210e+01 2.24688446e+02 9.57187347e+01
    2.51712189e+02 9.94672318e+01 2.77957458e+02 1.03249916e+02
    7.75243225e+01 1.10380020e+02 1.06865242e+02 1.12721855e+02
    1.35746475e+02 1.15382645e+02 1.64481735e+02 1.18287216e+02
    1.92500687e+02 1.21233879e+02 2.20336563e+02 1.24274406e+02
    2.47176956e+02 1.27361397e+02 2.73336975e+02 1.30546265e+02
    7.37871475e+01 1.40490784e+02 1.02676964e+02 1.42668594e+02
    1.31605331e+02 1.44923752e+02 1.60178986e+02 1.47362762e+02
    1.88421814e+02 1.50080902e+02 2.15824722e+02 1.52656448e+02
    2.42695282e+02 1.55294434e+02 2.68834930e+02 1.57983154e+02
    7.04314880e+01 1.70462570e+02 9.93610229e+01 1.72410355e+02
    1.27965523e+02 1.74391159e+02 1.56413834e+02 1.76454956e+02
    1.84194351e+02 1.78718979e+02 2.11534744e+02 1.80707642e+02
    2.38364136e+02 1.83131516e+02 2.64555969e+02 1.85394608e+02
    6.75706482e+01 2.00017624e+02 9.62091904e+01 2.01597580e+02
    1.24685150e+02 2.03397949e+02 1.52566574e+02 2.05179855e+02
    1.80604813e+02 2.06943527e+02 2.07670242e+02 2.08912888e+02
    2.34377335e+02 2.10565277e+02 2.60170166e+02 2.12484085e+02
    6.51129074e+01 2.29044968e+02 9.34039917e+01 2.30469406e+02
    1.21612518e+02 2.31914627e+02 1.49359085e+02 2.33392181e+02
    1.76872009e+02 2.34861603e+02 2.03889465e+02 2.36238281e+02
    2.30310364e+02 2.37556259e+02 2.56127197e+02 2.39113663e+02
    6.32619896e+01 2.57492065e+02 9.10828857e+01 2.58788422e+02
    1.19066307e+02 2.59872681e+02 1.46441833e+02 2.61089630e+02
    1.73611282e+02 2.62250763e+02 2.00330811e+02 2.63308075e+02
    2.26605850e+02 2.64330811e+02 2.52002899e+02 2.65305389e+02
    6.15488014e+01 2.85077118e+02 8.92517242e+01 2.86294617e+02
    1.16602264e+02 2.87142273e+02 1.43734131e+02 2.88077606e+02
    1.70610016e+02 2.88755280e+02 1.97155884e+02 2.89468018e+02
    2.22912338e+02 2.90246857e+02 2.48313324e+02 2.90644318e+02
    6.03962746e+01 3.12202881e+02 8.74993591e+01 3.12953827e+02
    1.14694710e+02 3.13609253e+02 1.41484039e+02 3.14318268e+02
    1.68031342e+02 3.14716522e+02 1.94015259e+02 3.15113525e+02
    2.19535675e+02 3.15371277e+02 2.44508408e+02 3.15495514e+02
    5.95437317e+01 3.38195190e+02 8.64121094e+01 3.38803528e+02
    1.13101295e+02 3.39158325e+02 1.39366653e+02 3.39493988e+02
    1.65598877e+02 3.39711487e+02 1.91252060e+02 3.39785858e+02
    2.16411987e+02 3.39762848e+02 2.41180588e+02 3.39598785e+02
    5.91033249e+01 3.63212891e+02 8.53467789e+01 3.63641541e+02
    1.11563187e+02 3.64006378e+02 1.37602921e+02 3.64046600e+02
    1.63364227e+02 3.64090942e+02 1.88604202e+02 3.63748383e+02
    2.13434464e+02 3.63445404e+02 2.37832306e+02 3.62907349e+02
    5.89407120e+01 3.87286804e+02 8.48110886e+01 3.87507904e+02
    1.10497765e+02 3.87610962e+02 1.36097321e+02 3.87454224e+02
    1.61387680e+02 3.87208740e+02 1.86363922e+02 3.86749420e+02
    2.10709366e+02 3.86357086e+02 2.34751678e+02 3.85440460e+02
    5.90878487e+01 4.10556549e+02 8.44431305e+01 4.10623840e+02
    1.09655067e+02 4.10528473e+02 1.34808807e+02 4.10263611e+02
    1.59585312e+02 4.09575195e+02 1.84161087e+02 4.08927002e+02
    2.08288483e+02 4.08232300e+02 2.31814499e+02 4.07063110e+02
    2.48634857e+02 6.64817886e+01 2.77376221e+02 6.76954346e+01
    3.06404205e+02 6.95114136e+01 3.35232330e+02 7.15126190e+01
    3.64324036e+02 7.37742538e+01 3.92709717e+02 7.61857986e+01
    4.21444427e+02 7.88311234e+01 4.48945465e+02 8.20160141e+01
    2.44726089e+02 8.49633102e+01 2.74591949e+02 8.63110275e+01
    3.04307556e+02 8.80001297e+01 3.34414734e+02 9.01555786e+01
    3.64275909e+02 9.23819656e+01 3.94058197e+02 9.48088303e+01
    4.22966400e+02 9.76578522e+01 4.51895233e+02 1.00700722e+02
    2.40812317e+02 1.04530357e+02 2.71504364e+02 1.06025887e+02
    3.02415161e+02 1.07975723e+02 3.33381500e+02 1.09930557e+02
    3.64407959e+02 1.12338722e+02 3.94794434e+02 1.15177666e+02
    4.25318298e+02 1.17957100e+02 4.54671753e+02 1.21112839e+02
